0 82.67672598361969 44.89465916156769 0.34611111175682807 0.37853658599097556 0.7690472149989043 0.975609756097561 0.6346705701293015 408.19888615608215 172.09866094589233
1 78.99042975902557 44.92868793010712 0.35361111122700906 0.3199999997528588 0.6744890191286269 0.7040420930560042 0.6473170518875122 394.9286186695099 171.11133742332458
2 100.73864901065826 44.780192613601685 0.34722222325702506 0.4014634137473455 0.6233467862612831 0.601482959782205 0.6468600645297911 389.8097620010376 169.83527946472168
3 79.12276911735535 44.94008660316467 0.3472222238779068 0.35951219608144064 0.6139224004305283 0.5855540749503345 0.6451793923610594 385.6111409664154 169.2276222705841
4 79.0623277425766 44.65049076080322 0.3458333336230781 0.3580487810257005 0.6042330893608886 0.5632685582812239 0.6516233522717546 386.4221260547638 169.60212588310242
5 79.04960000514984 44.85865902900696 0.34777777766187984 0.34682926790016455 0.618010285152892 0.5847719762383438 0.6552548234055682 386.0602447986603 169.38272500038147
6 78.99487233161926 44.78205919265747 0.3438888893773158 0.3990243887755929 0.6202310056383029 0.590415820842836 0.6532175933442464 385.9402663707733 169.31490802764893
7 79.0644439458847 44.866021394729614 0.3391666666915019 0.36390243834111746 0.6344652013703698 0.6206845815588788 0.6488716384259666 385.13594937324524 169.42086577415466
8 79.03766226768494 44.81776523590088 0.34527777632077533 0.39512195056531485 0.6460226641427785 0.6430887129248642 0.6489835090753509 385.9174304008484 168.91661667823792
9 79.06562602519989 44.86274325847626 0.3541666683223512 0.3673170721385537 0.6611625037797196 0.671760016825141 0.6508941650390625 386.2288010120392 169.91932106018066
10 79.01477241516113 44.720611572265625 0.3466666657477617 0.37365853786468506 0.674029162857164 0.695013866191957 0.6542745116280346 385.3233449459076 170.27404260635376
11 79.04802656173706 44.840593338012695 0.3575000015811788 0.3829268333388538 0.6853786473229828 0.7201292587489616 0.6538274985987965 386.6949188709259 168.70227932929993
12 79.00980603694916 44.82921826839447 0.3491666658471028 0.40731707469719214 0.6934197513783028 0.7405364716925272 0.6519399924976069 385.353777885437 170.91386723518372
13 79.06382036209106 44.893537759780884 0.35666666945649517 0.3814634161024559 0.6999072942159668 0.7574009677258934 0.6505263811204491 385.6807873249054 169.11533546447754
14 79.01088619232178 44.80690574645996 0.3486111104074452 0.38439024366983554 0.7061070627843201 0.7722513864680034 0.6503995089996152 385.833918094635 169.3306257724762
15 79.05729174613953 44.8532680273056 0.3575000011672576 0.3653658544871865 0.7127976401141843 0.7858494374810195 0.6521723357642569 386.3799874782562 170.70908737182617
16 78.98684203624725 44.70515179634094 0.34138888865709305 0.37658536579550766 0.7179596023209482 0.7973296380624538 0.652960742392191 386.3194808959961 169.42853164672852
17 79.0938413143158 44.888909459114075 0.35555555588669246 0.3931707343677195 0.7215714018230482 0.8073771668643486 0.6522519108725757 386.1283030509949 169.79353618621826
18 78.99365782737732 44.818310260772705 0.34361111000180244 0.39658536634794095 0.7241493675882972 0.8158428843428449 0.6509844762522999 385.64118456840515 170.69553089141846
19 79.07166981697083 44.89477527141571 0.3552777798225482 0.38926829070579716 0.7274829303640284 0.8246895830805708 0.6507756201232352 387.1316478252411 169.6057960987091
20 79.01323068141937 44.68447709083557 0.3452777767346965 0.3595121946276688 0.7310731140890897 0.8328263134491153 0.6514768600463867 386.3560600280762 168.55678343772888
21 79.0723967552185 44.84576916694641 0.35722222220566535 0.3770731716621213 0.7346730675129224 0.8404081798181301 0.652570557303545 384.89098143577576 170.15791654586792
22 78.9897449016571 44.765608072280884 0.3411111105233431 0.38780487674038583 0.737156300242622 0.8471021390542751 0.6524716557526007 384.90538024902344 169.70974779129028
23 79.08861911296844 44.88059365749359 0.3577777795079682 0.403902439809427 0.7387341692237852 0.8528161354181243 0.6515727130378165 386.71589946746826 169.83058404922485
24 78.98423552513123 44.83092665672302 0.3438888881355524 0.39560975534159964 0.7403356540945548 0.85821955669217 0.6509254022342402 385.58194732666016 169.75590562820435
25 79.09378027915955 44.88375103473663 0.35833333536154693 0.37317073199807144 0.7424358175680407 0.8636680056409138 0.6510487722187508 386.4158453941345 169.10145902633667
26 78.9681247472763 44.70578157901764 0.3438888881355524 0.3634146335648327 0.7450431793552753 0.8688714039034959 0.6521073390797871 385.6221067905426 169.3651361465454
27 79.11876308917999 44.84243381023407 0.3586111126674546 0.3775609760749631 0.7469760963736509 0.8735986162976521 0.6524130120510008 387.0999550819397 169.32974362373352
28 78.97938132286072 44.80740511417389 0.3416666655490796 0.4043902442222688 0.7482057674544956 0.8778558853195935 0.6519234965487224 385.5448932647705 169.42907762527466
29 79.09029686450958 44.888278007507324 0.35888889038728344 0.40243902584401575 0.7491264567024732 0.8818691183881062 0.6511175021892641 385.8771722316742 169.6151146888733
