0 427.67881166934967 389.99330735206604 0.3848484920199252 0.3980716317481574 353.64936327934265 341.96049976348877
1 405.2924484014511 400.5005202293396 0.3829201166376923 0.39228650878283605 351.94834756851196 337.814728975296
2 391.7257270216942 405.88504868745804 0.4267217699366496 0.3988980779593641 352.3674683570862 343.8364598751068
3 390.1031154990196 395.41712403297424 0.4371900893439931 0.408264470309758 348.6102442741394 335.5151493549347
4 390.5078725218773 388.06615948677063 0.41542700431809937 0.42506887716531094 352.6343653202057 338.66460514068604
5 394.4115508198738 384.2912709116936 0.4077135060321201 0.41404959296720417 351.3341987133026 341.04724407196045
6 391.43693989515305 399.87268257141113 0.4187327883829755 0.3691460122007969 354.66796040534973 331.5533125400543
7 383.8932914733887 401.4399758577347 0.43966942766973793 0.39752066802469493 353.92616057395935 336.6879298686981
8 383.9724490046501 387.882519364357 0.416253450426681 0.4088154331711698 351.1480815410614 333.2644147872925
9 385.69776755571365 397.0196586251259 0.4595041388527749 0.40523416622857417 350.06833481788635 338.4849944114685
10 381.9319362640381 388.0744557976723 0.44325069543333423 0.45371901438912743 350.30052304267883 338.5610017776489
11 386.50078105926514 381.79227101802826 0.45041323057055144 0.41157025455935925 350.32575011253357 338.2864727973938
12 379.3462632894516 395.31561559438705 0.44242424875005215 0.42231405663917215 350.22789335250854 341.73350191116333
13 379.93788504600525 390.04157626628876 0.4385674982113615 0.3865013832313627 350.9611163139343 334.66373443603516
14 380.5234164595604 385.5488556623459 0.4424242491810775 0.4264462870384051 352.53371262550354 339.73431062698364
