0 103.28534638881683 0.38361109524137443 0.3736110977414582 321.82904863357544 109.38674712181091
1 79.47526568174362 0.415277764822046 0.4147222104171912 315.27284693717957 109.95935368537903
2 78.97644782066345 0.43972220747835106 0.4444444270597564 321.05541253089905 113.9599769115448
4 77.46394127607346 0.4586110971868038 0.4544444289058447 317.5971758365631 110.29429817199707
5 76.95928883552551 0.46111109376781517 0.44583331752154565 312.6804904937744 112.07637977600098
6 79.51785027980804 0.4494444297419654 0.4491666526430183 314.0204699039459 109.23896932601929
7 77.50278943777084 0.46833331717385185 0.44944443015588653 316.65721583366394 107.9650011062622
8 75.381676197052 0.4677777625620365 0.45972220889396137 317.35204792022705 111.49391055107117
9 74.32011079788208 0.47777775964803165 0.45444442994064754 317.4946360588074 110.30154299736023
10 74.05095064640045 0.49222220811578965 0.4799999814066622 315.61636114120483 110.44544720649719
11 73.4548390507698 0.48499998615847695 0.49166664729515713 316.1571524143219 107.5490870475769
12 73.93492144346237 0.479444430106216 0.46388887655403876 312.9017298221588 110.09252786636353
13 73.84994566440582 0.47722220834758544 0.4805555364323987 317.33150029182434 108.07054328918457
14 73.40088534355164 0.48499998243318665 0.4294444297750791 318.09251403808594 108.91843771934509
15 74.20841890573502 0.47305553613437545 0.41583331984778243 314.7884523868561 107.33234858512878
16 74.00688946247101 0.49027776221434277 0.4902777618004216 314.63191318511963 112.66986632347107
17 73.70659935474396 0.49499998572799897 0.4397222076853116 316.7250599861145 108.43635320663452
18 72.58465528488159 0.480555540157689 0.4813888710406091 312.0628926753998 107.14167642593384
19 73.30055791139603 0.483611099421978 0.45499998331069946 318.05192852020264 110.59468936920166
20 72.51411736011505 0.49861109256744385 0.4680555413166682 311.99602937698364 108.16156220436096
21 72.76839286088943 0.5027777589857578 0.48499998533063465 317.19179034233093 108.20356512069702
22 72.80409109592438 0.4933333144419723 0.4724999844200081 317.8718116283417 110.62083411216736
23 71.96621888875961 0.5011110934946272 0.4491666509873337 310.5516474246979 111.3582980632782
24 73.96319007873535 0.47583331416050595 0.4011110984202888 322.08888125419617 109.40326428413391
25 73.95616745948792 0.4633333190447754 0.4324999869697624 317.4618356227875 106.56132531166077
26 73.68087720870972 0.4811110968391101 0.4858333129021857 320.5457730293274 108.93645119667053
27 73.37121218442917 0.4816666493813197 0.4672222067084577 317.8977949619293 108.3716926574707
28 73.03351217508316 0.4841666478249762 0.4719444322917197 315.8643088340759 110.99581861495972
29 72.62698376178741 0.4855555407702923 0.48166665103700423 319.5880377292633 108.65471267700195
30 73.83732813596725 0.4816666506230831 0.4697222068077988 317.2767674922943 110.0422043800354
31 73.03288120031357 0.48722220419181717 0.4083333166523112 319.4112479686737 109.61890649795532
32 74.28722095489502 0.4749999865889549 0.4772222066919009 317.87286901474 110.72399544715881
33 74.19313436746597 0.46222220692369675 0.47722219965524143 319.42289757728577 112.51382255554199
34 73.60073387622833 0.4699999855624305 0.4558333191606734 320.13155007362366 106.39879417419434
35 73.8079543709755 0.476388873739375 0.4516666527423594 321.3735418319702 112.643789768219
36 74.2069855928421 0.47527776410182315 0.4880555350747373 316.4455850124359 116.85948443412781
37 74.04322570562363 0.4786110921866364 0.47111109809743035 318.5782415866852 109.8685085773468
38 73.1299524307251 0.47249998566177154 0.4733333182003763 320.4963171482086 111.29945468902588
39 73.5326332449913 0.4880555396278699 0.47138886981540257 318.5637743473053 111.4149580001831
40 73.85641252994537 0.469999981423219 0.4380555438498656 323.2155981063843 106.39609432220459
41 74.19401413202286 0.4719444285664294 0.4508333197898335 318.2081754207611 108.51921081542969
42 74.62419146299362 0.4627777644329601 0.4652777603930897 317.5057940483093 104.98350882530212
43 73.63991123437881 0.472499984006087 0.4413888756599691 318.18609046936035 106.05580925941467
44 72.43738460540771 0.4955555378562874 0.5002777588864168 320.27020049095154 107.96857595443726
45 72.85048621892929 0.4769444262815846 0.4744444282518493 319.2879943847656 110.31822371482849
46 73.58829081058502 0.49138887350757915 0.436111094430089 317.7245955467224 112.06313753128052
47 73.13314932584763 0.483611093627082 0.4794444255530834 317.66243600845337 109.03834223747253
48 73.10599619150162 0.48694442750679123 0.4577777629925145 317.3488714694977 110.01432514190674
49 72.83443146944046 0.48416664948066074 0.4838888752791617 320.88948154449463 112.84661889076233
50 72.38313138484955 0.4977777612706025 0.4769444271094269 318.7640438079834 108.2507872581482
51 70.92466562986374 0.5077777616679668 0.4641666522042619 316.6207814216614 109.80231714248657
52 72.63815611600876 0.4927777606579993 0.47999998306234676 315.63719153404236 110.12426972389221
53 73.89584910869598 0.48222220854626763 0.48249998440345127 315.77638721466064 111.56476473808289
54 73.48142486810684 0.505555541978942 0.4674999825656414 318.5232801437378 108.50902676582336
55 72.96797734498978 0.4827777598467138 0.4791666467984517 319.1403362751007 109.52217292785645
56 73.77887576818466 0.48138886772924 0.4586110963589615 315.9129362106323 113.09120178222656
57 72.63956785202026 0.49111109433902633 0.47138887064324486 317.07640290260315 111.47250652313232
58 73.39072376489639 0.4858333145578702 0.44027776395281154 316.65952587127686 111.74182987213135
59 73.63530439138412 0.5013888701796532 0.4766666479408741 318.13598012924194 109.11823582649231
60 71.9284456372261 0.4952777669661575 0.4797222063773208 320.4972140789032 110.44609379768372
