0 102.93849074840546 44.73529756069183 0.3899999995612436 0.39365853841711834 0.38292682 0.7339012026786804 0.81099397 0.6701929 369.2609865665436 167.46036505699158
1 78.61462640762329 44.653641045093536 0.4269444454047415 0.4258536572863416 0.4307317 0.7633588314056396 0.91393757 0.6553796 366.34147119522095 166.54693508148193
2 75.37372171878815 42.968286752700806 0.4536111102335983 0.41999999924403864 0.45414636 0.7444519400596619 0.82797307 0.67623705 367.04709815979004 166.55036807060242
3 74.50467437505722 43.03344362974167 0.4627777760227521 0.4434146321401363 0.44243902 0.7250692844390869 0.7866266 0.672447 366.334716796875 164.63404870033264
4 74.13200855255127 42.82479578256607 0.461666665557358 0.44000000125024374 0.4404878 0.7343590259552002 0.7943787 0.6827718 367.2006368637085 165.31399750709534
5 74.02147030830383 42.65997236967087 0.4644444439974096 0.4478048776707998 0.44682926 0.737060010433197 0.79405206 0.6877012 366.95163106918335 165.61520218849182
6 73.9247909784317 42.88511437177658 0.48055555464492905 0.44000000125024374 0.44878048 0.7326869964599609 0.7942943 0.67994857 366.8076550960541 166.9937446117401
7 73.83178722858429 42.56058931350708 0.4713888896836175 0.4482926857180712 0.44536585 0.7180397510528564 0.76765376 0.6744496 365.9425687789917 164.42873215675354
8 73.60090005397797 42.69225347042084 0.47388888688551056 0.4458536585656608 0.44829267 0.7196622490882874 0.7583395 0.68473893 366.1353828907013 165.84454822540283
9 73.40357393026352 42.56161731481552 0.46638888824317193 0.449756095322167 0.4414634 0.721968412399292 0.7669903 0.6819389 366.8581917285919 166.21001720428467
10 72.92726403474808 42.58932411670685 0.47111111258467037 0.45756097683092445 0.4409756 0.7317581176757812 0.77942264 0.6895874 366.0599501132965 164.713116645813
11 73.40478909015656 42.156914830207825 0.4677777791188823 0.4536585357131028 0.45365855 0.7177274823188782 0.75377643 0.6849691 366.88139724731445 166.82384490966797
12 73.08141511678696 42.34322625398636 0.4863888861404525 0.44975609822971063 0.4580488 0.7176724076271057 0.7585421 0.6809816 366.35442447662354 169.34017539024353
0 107.41632360219955 48.58784866333008 0.38111111149191856 0.4234146334049178 0.6961326003074646 0.7164519 0.6769341 429.36809396743774 165.9552845954895
1 84.04051542282104 45.49540418386459 0.4108333316528135 0.38146341573901293 0.5748770833015442 0.48934552 0.6966414 428.97930884361267 165.4688320159912
2 79.46799904108047 48.418410420417786 0.42638888789547813 0.41121951254402717 0.7108262181282043 0.7560606 0.67069894 430.86809182167053 167.4130675792694
3 79.07908463478088 45.832843542099 0.453611109405756 0.4156097566209188 0.6497584581375122 0.5916422 0.7205357 429.0493657588959 165.09044885635376
4 77.41625291109085 45.914667904376984 0.4463888853788376 0.4321951219221441 0.7608336806297302 0.8480826 0.689862 428.5307877063751 166.41078567504883
5 77.28722643852234 43.31525319814682 0.460555552608437 0.42536585069284205 0.7068652510643005 0.73268074 0.682807 429.00615549087524 165.0912265777588
6 75.47351771593094 41.35055869817734 0.4724999989072482 0.4878048787756664 0.7177335023880005 0.78923076 0.6581142 428.674818277359 164.59944343566895
7 75.69017046689987 42.81712746620178 0.4741666643983788 0.4434146321401363 0.6830958724021912 0.6689291 0.6978757 427.9215798377991 165.73867964744568
8 73.6962103843689 41.881493270397186 0.4844444427225325 0.4707317068809416 0.7364395260810852 0.7856083 0.69306284 428.7396204471588 167.08428406715393
9 73.24016952514648 41.627975940704346 0.4899999996026357 0.4858536596705274 0.7094113230705261 0.69661266 0.7226891 428.7155792713165 165.5684404373169
10 72.1894668340683 44.22353810071945 0.5072222231990762 0.4365853652721498 0.6859315633773804 0.67113096 0.7013997 427.81669330596924 164.65794897079468
