0 12744.996155381203 44.76397478580475 0.34250000015729004 0.3824390231109247 297.6679108142853 163.43911933898926
1 80.91543650627136 45.090744972229004 0.33666666886872715 0.3404878054450198 291.99877643585205 170.13277006149292
0 36024.83122885227 44.863675355911255 0.33861111228664714 0.3668292695429267 310.4749345779419 170.73604488372803
1 78.99555790424347 44.809088349342346 0.35666666738688946 0.37707317238900717 296.0024571418762 165.54524445533752
2 79.00279211997986 44.859006524086 0.3527777801371283 0.3487804899128472 298.4025647640228 165.0755741596222
3 79.0414309501648 44.80746054649353 0.3405555569463306 0.3751219507397675 299.7579891681671 177.3556830883026
4 79.10893058776855 44.879761815071106 0.35000000045531326 0.3770731716621213 297.8286681175232 170.95761370658875
0 22021.412482261658 44.903862833976746 0.34916666998631424 0.3668292695429267 311.16485118865967 170.59769654273987
1 79.03227984905243 44.820289850234985 0.3561111127750741 0.37707317238900717 297.66842770576477 165.99008059501648
2 79.04209005832672 44.88245964050293 0.34583333652052617 0.3629268302423198 298.88298749923706 165.4135491847992
3 79.0113673210144 44.77891027927399 0.3408333340452777 0.3751219507397675 300.2586154937744 177.7026765346527
4 79.12263941764832 44.86651527881622 0.3511111123694314 0.37560975660638113 298.1816260814667 171.44597220420837
5 79.08217751979828 44.88370227813721 0.34527777776949936 0.3799999977757291 297.95516300201416 173.62444829940796
6 79.10909152030945 44.873497009277344 0.36138888883093995 0.37073170775320474 294.39234232902527 167.06813645362854
7 79.11839354038239 44.8922655582428 0.3416666701022122 0.36439024275395926 293.0510838031769 175.73142409324646
8 79.04256248474121 44.771369218826294 0.35000000045531326 0.3878048789210436 297.39011573791504 170.57341957092285
0 114103.35903859138 44.87797272205353 0.33166666763524216 0.3843902465773792 312.2117831707001 170.85649991035461
1 78.99947512149811 51.052093863487244 0.36194444654716385 0.3531707310821952 299.2889184951782 165.7799036502838
2 79.86220419406891 44.809029936790466 0.35944444665478337 0.4048780486351106 301.9672393798828 165.21315670013428
3 80.05674540996552 44.640273213386536 0.3469444463650386 0.3751219507397675 302.95805406570435 177.1549530029297
4 79.15683579444885 44.81867289543152 0.353055555994312 0.37804878121469077 300.8266761302948 171.02180552482605
0 25689.51741063595 44.868085741996765 0.35361111102004844 0.37219512062828713 321.85875511169434 180.22812342643738
1 79.05150830745697 44.91472399234772 0.3611111123528745 0.3907317075787521 318.46411657333374 180.72610759735107
2 79.05022811889648 44.84765923023224 0.35166666636036503 0.3809756084186275 319.8195037841797 180.51048064231873
3 79.0576924085617 44.78951954841614 0.35055555775761604 0.3921951200903916 324.8966052532196 179.46204829216003
4 83.25979721546173 44.8624050617218 0.3380555570539501 0.38878048701984125 319.762327671051 177.7042875289917
0 84.23461556434631 44.44179034233093 0.349722221493721 0.35560975496361896 395.69334077835083 171.6117181777954
1 79.17291617393494 45.00430989265442 0.3694444429129362 0.38634146168464567 394.86005091667175 170.55406522750854
2 215.11806344985962 44.82843506336212 0.3433333326958948 0.396097563388871 392.4825665950775 170.0113570690155
3 79.09177887439728 44.918795585632324 0.3541666666666667 0.3926829281376629 388.77795934677124 169.86710166931152
4 78.42363142967224 43.969359397888184 0.3755555564744605 0.4034146339428134 389.0823802947998 171.5903444290161
0 80.70522546768188 45.00161790847778 0.3483333345502615 0.3497560976482019 nan 0.0 0.0 395.52704668045044 171.1940155029297
