0 101.4024361371994 50.16303277015686 0.39333333240615 0.4204878058375382 0.6522715983869065 0.6617937727672297 0.6430195555454348 370.37251591682434 163.91922974586487
1 83.48357003927231 45.4468514919281 0.4288888879948192 0.4409756108028133 0.6798696184534728 0.7099770874511905 0.6522117606023463 367.2725727558136 162.55236172676086
2 78.20107215642929 41.83005368709564 0.44305555605226093 0.46439024369891096 0.6851808159414824 0.7145297992520216 0.6581477014029898 367.94034457206726 163.13381004333496
3 75.45431673526764 44.65262269973755 0.47055555135011673 0.4546341459925582 0.6895868879303526 0.7078811395459059 0.6722143961162101 367.6843626499176 163.09636759757996
4 74.8118611574173 40.77640902996063 0.4925000001158979 0.5160975616152693 0.6985403072807302 0.7152665068463582 0.682578502631769 368.07544684410095 163.46092081069946
5 72.97315841913223 41.78999960422516 0.4916666667494509 0.4824390222386616 0.703758477338234 0.7204104821856429 0.6878588897425953 367.0212125778198 162.83583045005798
6 72.60965210199356 40.0543127655983 0.5061111094223129 0.5346341474754054 0.7017476729865818 0.7183523149025149 0.6858933175482401 367.8803200721741 162.76577067375183
7 72.98274439573288 41.4935576915741 0.503333335949315 0.4819512156451621 0.7016235172680857 0.7228868501942333 0.681575340468709 367.1285138130188 162.99948978424072
8 73.19637060165405 40.57590711116791 0.5158333318928877 0.47121951347444113 0.707144441928098 0.7353031184615159 0.6810629120687159 367.4710109233856 162.572523355484
9 71.24833053350449 42.57976758480072 0.5127777775956525 0.4712195091131257 0.7130769852698894 0.7446040336678668 0.6841112433410272 367.8561325073242 163.70447731018066
10 70.51005935668945 41.88919657468796 0.5291666678256459 0.49512195005649473 0.7162790148850323 0.7488550238493012 0.68641903923779 367.26027369499207 163.22742652893066
11 70.05300164222717 41.918121337890625 0.514444443086783 0.49024389865921764 0.7143364331244002 0.7447141685136934 0.6863398522865481 367.97538018226624 163.43665289878845
12 70.81268465518951 42.06729793548584 0.5222222229672803 0.482926830285933 0.712556709911675 0.7418617867841953 0.6854788748229422 367.49686455726624 165.0759139060974
13 70.2018905878067 41.54275208711624 0.5213888875312276 0.4726829267129665 0.7122840794291467 0.7411977488820146 0.6855415251196885 367.5813217163086 163.36494541168213
14 71.74398678541183 41.07516813278198 0.5308333316610919 0.46341463341945555 0.7127387884675469 0.740453253432018 0.6870241252387442 367.9266095161438 163.0878405570984
15 69.21057397127151 40.209206342697144 0.541388890809483 0.5063414639089165 0.7151204075795513 0.741725957975155 0.6903574350403576 368.09627652168274 162.8538224697113
16 69.31369602680206 40.984263241291046 0.541944444593456 0.5287804865255589 0.7177351262567955 0.7470455111526861 0.690637898154375 367.89063596725464 162.68995833396912
17 68.17539572715759 42.4277920126915 0.5394444461497996 0.5356097577548609 0.7192419120307272 0.7522623975102495 0.6889983938961495 367.45011472702026 163.37736749649048
18 69.72532504796982 38.807617008686066 0.5502777770161629 0.5414634136165061 0.7187720118119846 0.7516345846943739 0.6886626641924788 366.8006296157837 164.32828044891357
19 67.87664306163788 39.16540837287903 0.5461111147370603 0.4941463397770393 0.7188062432353999 0.7498637975716009 0.6902190316014174 369.1071352958679 162.990168094635
20 65.60568964481354 40.28751939535141 0.5816666699118085 0.49902438826677276 0.7196225709463062 0.7489832726920523 0.6924769587633086 367.0941426753998 163.51173424720764
21 67.67423093318939 41.606305956840515 0.5458333322571384 0.518048775632207 0.7203216841407399 0.7484655089494658 0.6942176876998529 367.0958502292633 163.37004041671753
22 69.15839791297913 40.53094518184662 0.5405555553734303 0.5370731753547017 0.7194711865788059 0.7459876202955479 0.694775121967967 366.61243653297424 163.08521175384521
23 66.53726774454117 42.687847793102264 0.5508333345254263 0.5185365851332502 0.7177682274587756 0.7429288829245219 0.6942559698732887 367.69351029396057 163.66960191726685
24 70.27426338195801 39.13640606403351 0.52833333487312 0.5019512147438235 0.7170133499641114 0.7406509315095297 0.6948378740287409 367.19458746910095 163.08477210998535
25 70.5294897556305 40.90837001800537 0.517500001937151 0.46878048486825896 0.7171991417715194 0.7394729939902701 0.6962278863278831 367.8677878379822 162.89887070655823
