0 93.77401852607727 45.88102209568024 0.36055555670625633 0.37560975769670996 0.37853658 0.5389061570167542 0.4563253 0.65798044 369.5661358833313 167.45122933387756
1 82.55783128738403 46.112827479839325 0.3947222214192152 0.38780487674038583 0.3814634 0.6912220120429993 0.7646611 0.63065326 366.24790048599243 166.5197036266327
2 84.08776199817657 47.31219929456711 0.4027777765360143 0.38975609838962555 0.3980488 0.7864630818367004 0.98204935 0.65584415 367.59702134132385 166.302232503891
3 80.87665963172913 45.434145390987396 0.403055555290646 0.41853658273452665 0.39560977 0.7570268511772156 0.9105935 0.6477819 366.50220823287964 164.61698055267334
4 80.43904215097427 48.844465374946594 0.4230555560853746 0.36585365708281353 0.36390245 0.7587924003601074 0.90162724 0.6550242 367.07444047927856 165.46713876724243
5 81.01597428321838 47.2732127904892 0.4138888878126939 0.38243902601846835 0.3980488 0.7244825959205627 0.75464684 0.6966369 367.026930809021 165.87739944458008
6 78.08895707130432 44.70560574531555 0.44999999966886306 0.3917073178582075 0.41219512 0.6183205842971802 0.5472973 0.7105263 366.7872269153595 167.09105587005615
7 79.61656188964844 43.47274053096771 0.42722222167584634 0.4126829272363244 0.43219513 0.612262487411499 0.53834474 0.7097097 366.2652499675751 164.46463584899902
8 77.97173464298248 44.844591438770294 0.442222217304839 0.3873170759619736 0.38682926 0.6716195940971375 0.670126 0.6731199 366.1984329223633 165.8874707221985
9 77.79419875144958 44.74495220184326 0.4461111091077328 0.4453658534259331 0.41756096 0.6580541133880615 0.6086632 0.7161687 366.6985297203064 165.40707182884216
10 76.37851411104202 42.917374193668365 0.45166666578087544 0.4765853663770164 0.4278049 0.6129698753356934 0.5492228 0.69345796 365.95851588249207 164.79188346862793
11 76.68892925977707 43.91475564241409 0.45472222111291355 0.42341463522213263 0.45609757 0.7703656554222107 0.9070997 0.66945374 366.5132534503937 166.4521701335907
