0 102.71094560623169 52.12941324710846 0.38638888982435066 0.3721951238992738 0.7005086612872014 0.7706609935295291 0.642062493940679 434.040424823761 167.72834730148315
1 81.71164745092392 45.05061846971512 0.42055555433034897 0.4092682916216734 0.7024642911022749 0.7374696033756908 0.6706315656987633 424.89037132263184 163.2024667263031
0 106.08506572246552 53.83135986328125 0.35694444541715914 0.41024390153768586 0 0.43035018 0.7008872 424.1838037967682 163.91120839118958
1 84.48717606067657 45.00099354982376 0.3833333330435885 0.37902438858660253 0 0.67908084 0.67908084 423.97366547584534 162.7120497226715
2 81.67038261890411 45.74074739217758 0.40972222201526165 0.41268292505566667 0 0.5324074 0.69979715 422.97152733802795 163.34826636314392
0 106.24922108650208 49.28304159641266 0.35694444448583657 0.38292683043131015 0 0.29076922 0.7426326 423.6853563785553 166.6181502342224
1 84.0013267993927 46.39530420303345 0.38555555707878536 0.3775609775287349 0 0.97979796 0.6436958 422.883097410202 165.90701580047607
0 103.87214004993439 50.842469453811646 0.38055555667314267 0.3897560987530685 0.7582070231437683 0.8996255 0.65521 424.8109905719757 166.1336224079132
1 82.27696639299393 45.69942665100098 0.410277778075801 0.38585365945246164 0.5983571410179138 0.5218703 0.7011145 423.4089124202728 165.1645004749298
2 81.79574936628342 43.67133051156998 0.44777777997983825 0.3960975601178844 0.6979914307594299 0.7365632 0.6632584 423.9401533603668 166.17337894439697
3 76.03617852926254 43.75058662891388 0.4424999977151553 0.43512194912608076 0.7122381329536438 0.7083333 0.7161862 424.2144274711609 164.74870347976685
4 76.20053070783615 44.8670557141304 0.46194444472591084 0.46292682827972786 0.6488456726074219 0.59553903 0.71263343 423.4291682243347 166.27755165100098
