0 419.0196253657341 415.16801315546036 0.39641873916154396 0.4082644690782571 354.5400855541229 342.9408357143402
1 401.7961083650589 395.54134690761566 0.4217630921152341 0.40578513019833684 353.04030323028564 339.5519366264343
2 393.032866358757 400.7903180718422 0.4305785190385892 0.3922865082286606 353.57643008232117 345.68825364112854
3 414.04558807611465 391.3545436859131 0.3933884371944367 0.4319559289527333 349.9172501564026 337.36757159233093
4 380.3108204007149 379.40911400318146 0.4520661221719642 0.4446281068868545 354.1809892654419 340.5607361793518
5 376.6862961053848 376.7469154596329 0.4526170868395774 0.46170799588122646 353.07926082611084 342.4721646308899
6 378.2535201907158 382.11632430553436 0.47796143901331695 0.451515158797427 355.3966751098633 332.5550892353058
7 371.45091956853867 384.6349467635155 0.4647382986898593 0.43305785830848476 354.2549374103546 337.9661099910736
8 369.47632843255997 370.8919456601143 0.4820936706645758 0.4818181880126315 352.466685295105 335.09950828552246
9 371.56768584251404 371.23950123786926 0.48264463424436316 0.46914601217206187 352.0552546977997 340.34275364875793
10 371.34593522548676 375.9147713780403 0.4771349927200102 0.45013774746705676 352.14824652671814 340.60284757614136
11 373.0497543811798 373.81612461805344 0.4975206677701848 0.43471075134664855 352.44622135162354 340.4071569442749
12 368.38353484869003 378.3494961261749 0.4955922938452279 0.4487603373887125 352.0553300380707 343.8476073741913
13 367.7169007062912 373.8093037009239 0.48402204485635786 0.4399449102395822 352.81312680244446 337.0068075656891
14 367.09505528211594 385.3528010249138 0.4884297587285357 0.4223140566596972 354.13371300697327 342.21883726119995
15 367.73717963695526 374.15910536050797 0.4889807229240735 0.4763085478018795 353.58286023139954 336.50709795951843
16 365.46048778295517 378.41949939727783 0.4980716316373223 0.45509642475482187 352.9975628852844 339.81479239463806
17 370.56149339675903 382.6451076865196 0.494490365084702 0.4432506944686585 352.8700613975525 338.2931795120239
18 365.93862956762314 371.56937181949615 0.5033057928290577 0.49366391907874546 350.4305591583252 338.9197926521301
19 362.8843324184418 365.4240337610245 0.5024793458789505 0.49283747173866294 353.8037130832672 332.39864349365234
20 365.05680948495865 367.00675839185715 0.4914600614345435 0.47162535107250714 352.89296436309814 343.74873971939087
21 358.6041086912155 369.2634218931198 0.493663918504045 0.480991742088775 352.7950716018677 338.479243516922
22 361.2039778828621 370.15517538785934 0.48815427685654195 0.46776860217581767 352.5165638923645 329.4072599411011
23 365.6499727368355 365.5790794491768 0.4988980778895791 0.48484849110861455 350.83559560775757 342.86696910858154
24 363.6056966781616 377.8764987587929 0.5011019345075303 0.4449035881841478 353.58080077171326 340.9201440811157
25 360.6155189871788 377.00798267126083 0.4933884356879006 0.44490358855359813 354.07883191108704 344.32878851890564
26 360.510247528553 371.24619460105896 0.5013774173852498 0.4900826511919991 352.99843525886536 343.6360173225403
27 356.34439104795456 376.4560685157776 0.5126721822648994 0.4476584089565868 356.1806905269623 340.04453349113464
28 357.81020951271057 360.69498842954636 0.5115702547153493 0.5077135051208094 352.1286036968231 338.161013841629
29 355.0943221449852 383.7030197381973 0.5088154336145102 0.4457300346621797 352.76073360443115 337.45817828178406
30 359.1109667420387 370.0079416632652 0.4977961499090037 0.4685950482022992 352.4364564418793 338.5544149875641
31 363.1416540145874 361.039812207222 0.50881543345031 0.484848491683315 351.9744212627411 339.957147359848
32 362.9235460758209 373.0178871154785 0.5187327884979156 0.4504132298316509 352.7892987728119 343.2024631500244
33 356.53282153606415 373.7423311471939 0.5118457367104933 0.4482093729673995 354.11522603034973 342.47313618659973
34 357.3197875022888 378.8692986369133 0.5303030358037344 0.4779614392801421 349.2089293003082 343.4788625240326
35 360.1551718711853 370.8637158870697 0.49807163143207217 0.4732782432280953 354.96011447906494 342.3074836730957
36 359.35633611679077 359.7602392435074 0.5209366444590663 0.5118457358484426 354.0836796760559 345.9518828392029
37 356.85484355688095 356.96886199712753 0.518457306728547 0.5063360949603651 347.11613965034485 344.59695291519165
38 354.5590319633484 355.130882024765 0.5223140556457614 0.5134986282092809 354.47358751296997 341.91166400909424
39 353.2137480378151 364.2722778916359 0.49944904173619165 0.49090909789580617 352.67207765579224 336.5286066532135
40 352.67625391483307 379.34643095731735 0.5253443602811206 0.4578512466150867 350.83214020729065 343.9999601840973
41 351.5177620649338 356.4341838359833 0.5107438072726418 0.5247933952235322 356.1208817958832 345.4851016998291
42 348.2772773504257 349.0526346564293 0.5187327893804913 0.5247933947104068 350.84700775146484 339.1517381668091
43 357.38338190317154 351.3995198607445 0.5203856827060053 0.5267217700721147 351.78584694862366 338.3971755504608
44 344.01363402605057 364.50095945596695 0.5093663976253229 0.5057851297796265 353.9356462955475 339.13789916038513
45 379.2562277317047 364.5034934282303 0.465564744860016 0.4972451850771904 351.48798727989197 345.05271220207214
46 358.7069698572159 354.31174623966217 0.48815427628184155 0.5217630916349487 349.96038365364075 338.2535033226013
47 356.6617234349251 358.6958535313606 0.5327823739652792 0.4986225957918101 351.0818521976471 347.1340718269348
48 352.68391913175583 360.7257676124573 0.5137741114564507 0.47988981425187477 351.6472382545471 341.47979736328125
49 350.46895664930344 372.2186207771301 0.5272727341034524 0.47961433094312994 353.98323154449463 340.31026434898376
50 355.2333864569664 358.372156560421 0.5162534507673963 0.4944903657209775 353.2051908969879 335.1240074634552
0 418.40690064430237 407.43144673109055 0.4137741116904359 0.3809917425895854 354.30130887031555 341.8442187309265
1 401.2849891781807 401.04374200105667 0.4245179131134482 0.4093663982082333 353.11783814430237 338.39704990386963
2 430.5992773771286 402.9213996529579 0.40082645250007143 0.38815427682370196 353.24186611175537 344.51419973373413
3 382.47159445285797 386.23522412776947 0.4578512461019613 0.4170798966378877 349.67002749443054 336.11069416999817
4 377.7523973584175 378.8147491812706 0.46859504760707377 0.4413223204616016 353.58478116989136 338.64943766593933
5 378.5382314324379 380.30329942703247 0.4680440839451863 0.45785124530148574 352.005028963089 340.7107136249542
6 378.58931916952133 386.13473039865494 0.4696969768807251 0.4338843040476161 355.0293927192688 331.2582347393036
7 373.4525404572487 386.2048703432083 0.468044083473111 0.4531680502141146 353.81321120262146 336.2740783691406
8 368.40586733818054 378.7635269165039 0.47988981482657517 0.44187328484186456 351.32723736763 333.07476592063904
9 374.3527457714081 376.5033310651779 0.48374656421586504 0.4512396760428576 350.48312973976135 338.1263515949249
10 368.2283243536949 376.7231337428093 0.47327824328967033 0.4352617138386101 350.27724862098694 338.42402243614197
11 373.8392838835716 380.7403674721718 0.48319559862462613 0.4184573069420071 351.2693202495575 338.320871591568
12 367.2862048149109 377.92324435710907 0.4790633671375674 0.4570247992955292 350.75539994239807 341.9857954978943
13 371.34094446897507 378.1771510243416 0.46253444332393406 0.43829201701669324 351.37553787231445 335.1271252632141
