0 102.21002471446991 48.71065956354141 0.3919444436000453 0.41804878086578556 0.7016667912098251 0.7669325907055925 0.6466380328666873 428.94626212120056 164.03561568260193
1 79.65704959630966 46.47976040840149 0.4444444444444444 0.44585365638500307 0.7003158597543486 0.7506390562871608 0.6563161175425459 426.9211733341217 162.8371102809906
2 77.23317408561707 42.76219308376312 0.46361111228664714 0.43414634030039717 0.6796539974043323 0.7009050191902533 0.6596536912569185 427.15924859046936 163.1142237186432
3 77.71990144252777 46.72830951213837 0.4530555523104138 0.42048780292999455 0.6749260665535451 0.6804314052186361 0.669509099750984 427.1354749202728 163.0963454246521
4 77.21771466732025 44.65224081277847 0.4744444439808528 0.44195121962849687 0.6792722713574645 0.6804280368293204 0.6781204255615793 427.23454904556274 163.37638401985168
5 77.17632734775543 44.010600209236145 0.4794444433516926 0.45999999889513343 0.6847551659792048 0.687075088663799 0.6824508571043247 426.58770632743835 162.96286392211914
6 73.62798345088959 42.31087839603424 0.4863888898657428 0.4741463421321497 0.6865016426186259 0.6933412508266729 0.6797956577161464 427.201447725296 162.86790442466736
7 73.74455255270004 43.035792887210846 0.5027777780261304 0.46780487458880354 0.6903155065586206 0.7054295394478775 0.6758355338399004 425.9814009666443 163.20273303985596
8 75.58163976669312 42.990864276885986 0.49000000001655686 0.43853658583106064 0.6964226617744393 0.7192194970642648 0.6750265926849551 426.6774661540985 162.77164840698242
9 73.38586699962616 44.25049364566803 0.4722222218083011 0.44829268062986977 0.7005028243558613 0.7262738521506147 0.6764980365590352 427.14325308799744 163.6680555343628
10 72.51501727104187 40.80610680580139 0.5180555577907298 0.4721951223001247 0.7039459743889694 0.7301841959720705 0.6795280168696147 426.4337840080261 163.31231141090393
11 71.80706244707108 42.92850774526596 0.4980555545124743 0.4741463435859215 0.7030553703627713 0.7277592842171832 0.679973551412908 427.36057710647583 163.26951551437378
12 71.88318109512329 41.89876180887222 0.5127777800791793 0.4843902406169147 0.7032142353720255 0.7298171403931408 0.6784825514002544 427.0414080619812 164.97783255577087
13 71.02783268690109 42.210503339767456 0.5030555522276295 0.4443902446002495 0.704989913435172 0.7339801541188868 0.6782027308533831 426.75720620155334 163.6736752986908
14 70.50194382667542 41.76465719938278 0.5186111103329394 0.46243902459377195 0.7079205189579847 0.7391540902416881 0.6792195323036938 427.4201748371124 163.42874026298523
15 70.14803260564804 41.416525185108185 0.5152777801785204 0.48536584871571237 0.7100437077027911 0.7402077448077318 0.6822418265226411 427.8322081565857 163.08537316322327
16 69.1361175775528 43.22241163253784 0.5286111127999094 0.45073170632850834 0.7088891627860155 0.7366147404763757 0.6831750128327346 427.3875741958618 162.75258946418762
17 69.6048191189766 41.967683374881744 0.5263888914552 0.49512194932960885 0.7076005178738434 0.7342973002573339 0.6827768596207223 426.6387050151825 163.0866198539734
18 69.41018825769424 41.6387574672699 0.5383333340287209 0.4814634148667498 0.7070513035413426 0.7338109249021949 0.6821746826171875 426.33700227737427 164.4650719165802
19 69.00892001390457 40.553489208221436 0.5247222201691734 0.4404878042093137 0.7081994040389495 0.7356408950759143 0.6827315804434986 428.60958981513977 162.99754905700684
