0 85.19007384777069 0.32999998786383206 0.3541666559047169 366.787531375885 141.89244437217712
1 79.1000862121582 0.33055554661485886 0.33916665696435505 354.2229833602905 133.40863704681396
2 79.1000862121582 0.33833331966565716 0.34527776597274673 354.3696427345276 142.80725288391113
3 79.1000862121582 0.34583332306808895 0.3519444339391258 364.96812772750854 139.2286515235901
4 79.1000862121582 0.3274999875575304 0.34055554618438083 356.66242384910583 132.65457916259766
5 79.1000862121582 0.34027776846455204 0.34361110006769496 356.86203241348267 140.509033203125
6 79.1000862121582 0.3277777671400044 0.3436110991363724 357.45633244514465 137.62795996665955
7 79.1000862121582 0.3411111007961962 0.36166665309833157 360.378191947937 137.9284679889679
8 79.1000862121582 0.3277777663121621 0.3380555415319072 362.07419443130493 138.49759912490845
9 79.1000862121582 0.32527776766154504 0.3411110981057088 364.38290071487427 140.20927047729492
10 79.1000862121582 0.3222222092250983 0.3477777662790484 361.2017230987549 140.0052285194397
11 79.1000862121582 0.34333331965737873 0.3499999890724818 359.12056612968445 138.04238724708557
12 79.1000862121582 0.34055554266605115 0.3397222107483281 357.7751932144165 137.04687643051147
13 79.1000862121582 0.331111097915305 0.345555543485615 363.3266396522522 133.83689165115356
14 79.1000862121582 0.33222221045030487 0.365555542624659 361.50058817863464 135.3304533958435
15 79.1000862121582 0.3377777677443292 0.34916665384338963 362.54738426208496 142.05873012542725
16 79.1000862121582 0.337222209200263 0.35222221145199406 365.2983958721161 135.85960912704468
17 79.1000862121582 0.3366666545884477 0.35722220730450416 358.3970880508423 141.7890546321869
18 79.1000862121582 0.3388888775888417 0.35249998813702 358.0177433490753 140.13491988182068
19 79.1000862121582 0.342499990016222 0.3508333218180471 360.2437243461609 139.05901217460632
20 79.1000862121582 0.34111110038227505 0.34277776608036625 354.6498601436615 136.87121200561523
21 79.1000862121582 0.32499998932083446 0.3588888740373982 360.043719291687 135.2946436405182
22 79.1000862121582 0.33527776702410644 0.35055554244253373 361.0917618274689 134.57014966011047
23 79.1000862121582 0.3361111022531986 0.3338888790458441 357.46804785728455 137.1482982635498
24 79.1000862121582 0.32638887998958427 0.35416665342119 359.3126413822174 142.03048992156982
25 79.1000862121582 0.34249998898141915 0.3563888813886378 359.3390848636627 138.58715176582336
26 79.1000862121582 0.32527776641978157 0.3449999868041939 359.9663825035095 138.13099479675293
27 79.1000862121582 0.3436110977911287 0.33944443323545986 354.6655435562134 136.52676129341125
28 79.1000862121582 0.32722221025162274 0.35027776430878377 358.63738441467285 134.71964359283447
29 79.1000862121582 0.3338888759414355 0.3516666549775336 355.72493147850037 133.94561314582825
30 79.1000862121582 0.3397222101274464 0.3419444312651952 356.57988357543945 135.03689050674438
31 79.1000862121582 0.34833332223610747 0.34749998669657445 360.7168996334076 133.54769086837769
32 79.1000862121582 0.33444443055325085 0.35638887621462345 365.60306787490845 142.11355090141296
33 79.1000862121582 0.3338888780110412 0.3536111019137833 357.69713401794434 137.1710650920868
34 79.1000862121582 0.3305555437174108 0.3477777677277724 358.7447519302368 137.54177331924438
35 79.1000862121582 0.3288888782262802 0.35222221000327003 361.71862387657166 134.33727622032166
36 79.1000862121582 0.3308333216442002 0.34722221042546964 357.15885853767395 138.18057107925415
37 79.1000862121582 0.33583332329160637 0.35666665414141285 358.5511734485626 137.25097060203552
38 79.1000862121582 0.34194443250695866 0.34888887715836364 364.5171673297882 135.83022022247314
39 79.1000862121582 0.3480555448267195 0.3552777640935447 361.7289283275604 136.63061904907227
40 79.1000862121582 0.34305554297235274 0.34499998659723335 360.2943329811096 137.65562868118286
41 79.1000862121582 0.33499998702771133 0.3633333221077919 361.5822937488556 135.37077522277832
42 79.1000862121582 0.32749998900625443 0.34472221115397084 359.9149241447449 141.58698558807373
43 79.1000862121582 0.3258333226872815 0.3497222105248107 354.2881832122803 135.3617868423462
44 79.1000862121582 0.3338888753205538 0.3511110958125856 358.7914402484894 140.8248908519745
45 79.1000862121582 0.34277776670124793 0.3369444321013159 359.93656396865845 134.96628046035767
46 79.1000862121582 0.33638887686861885 0.35527776512834763 359.51537680625916 136.09941172599792
47 79.1000862121582 0.3305555439243714 0.34972220783432323 360.0931007862091 137.9307587146759
48 79.1000862121582 0.33694443065259194 0.34249998856749797 358.2080693244934 136.6459801197052
49 79.1000862121582 0.3363888770755794 0.34611110016703606 362.0675644874573 135.03220891952515
50 79.1000862121582 0.32333332176009816 0.355555544503861 356.38988852500916 140.2571828365326
51 79.1000862121582 0.329999986415108 0.3511110995378759 354.91024518013 130.51473903656006
52 79.1000862121582 0.3372222100281053 0.35666665538317627 359.64224076271057 139.0087571144104
53 79.1000862121582 0.330277765997582 0.3383333190447754 360.83613538742065 139.1097593307495
54 79.1000862121582 0.3402777682575915 0.34722221042546964 356.8071126937866 144.1269407272339
55 79.1000862121582 0.329999986415108 0.35027776803407407 358.78642320632935 142.18380570411682
56 79.1000862121582 0.3261110997862286 0.3486110996454954 358.82315611839294 135.83691310882568
57 79.1000862121582 0.3188888772080342 0.3541666515585449 363.5617129802704 131.37107062339783
58 79.1000862121582 0.3486111025429434 0.3505555451330211 359.76039695739746 138.14264369010925
59 79.1000862121582 0.33499998909731704 0.3508333209902048 357.1217887401581 134.09757113456726
60 79.1000862121582 0.3388888796584474 0.36111109765867394 362.6227207183838 138.74433517456055
61 79.1000862121582 0.3213888783421781 0.36472221049997544 359.2090528011322 134.53855395317078
0 80.76315999031067 0.3411110976917876 0.35416665652559864 369.1387333869934 137.8636417388916
1 79.10535895824432 0.3430555450419585 0.35611109766695237 355.1955213546753 133.11917543411255
2 79.09531688690186 0.3480555477241675 0.3547222109304534 350.7940881252289 132.92371368408203
0 5411.105870723724 0.337499988782737 0.3399999882611964 355.17197728157043 132.98478293418884
0 98.77255511283875 0.43888886976573205 0.46138887272940743 360.02239871025085 138.90590643882751
1 75.91968208551407 0.498611095878813 0.40583332027826047 358.41130924224854 137.5832498073578
2 69.10657507181168 0.5699999783602026 0.46777776007850963 360.1921617984772 136.10998678207397
3 64.55388671159744 0.5986110924018754 0.4147222104171912 359.32066655158997 138.2085678577423
4 59.71210265159607 0.6366666480898857 0.41305554202861255 358.0725176334381 134.81523990631104
0 96.04911535978317 0.4394444310002857 0.45555553812947536 362.4734797477722 137.7060968875885
0 102.8408932685852 0.4174999861667554 0.4355555429226822 361.9820113182068 136.05704307556152
1 74.68472445011139 0.48777776170108056 0.45055554310480755 360.50607204437256 133.81233263015747
2 74.24057173728943 0.5130555344124635 0.4113888769514031 360.9593515396118 136.25784349441528
0 95.72088158130646 0.42499998667173916 0.44777776466475594 385.2114109992981 140.0785517692566
1 74.2330818772316 0.49861109546489185 0.4797222026520305 367.3002381324768 136.1005666255951
2 73.79167330265045 0.5313888721995883 0.4577777613368299 364.7707271575928 138.2977101802826
0 223.8201397988887 0.2638888888888889 0.2916666666666667 25.758764505386353 7.005226373672485
0 217.3501972584636 0.2777777777777778 0.2916666666666667 26.19600796699524 7.426757574081421
0 100.34638106822968 0.4024999861915906 0.39749998619986904 317.3164930343628 108.46614623069763
0 104.50132286548615 0.38499998818669057 0.4116666532225079 322.5428714752197 109.64633774757385
